2617
5069
3958
3963
3908
3907
3965
3825
3920
3957
3954
3962
3911
3964
3941
3961
3585
3967
3885
3788
3952
3936
3944
3562
3951
3602
3803
3948
3925
3946
3942
3811
3554
3921
3812
3959
3912
3973
3197
3863
3860
3950
3656
3918
3560
3945
3853
3960
3927
3955
3971
3648
3884
3968
3956
3926
3815
3953
3629
3937
3974
3581
3565
3940
3658
3928
3621
3910
3826
3637
3822
3627
3851
3844
3809
3909
3913
3198
3653
3938
3600
3579
3862
3633
3836
3604
3943
3933
3932
3654
3827
3785
3828
3599
3597
3655
3856
3583
3966
3919
3590
3855
3786
3566
3595
3949
3816
3622
3611
3589
3574
3591
3603
3609
3620
3636
3924
3588
3563
3571
3881
3917
3634
3651
3632
3606
3886
3638
3858
3626
3922
5711
3584
3559
3923
3580
3849
3969
3592
3623
3601
3596
3972
3577
3647
3594
3619
3631
3642
3947
3569
3630
3859
3813
3652
3639
3646
3857
3657
3645
3970
3598
3854
5705
3564
3610
3635
3939
3662
3650
3573
3848
3576
5648
4451
3852
3568
3578
3567
3861
3587
3643
3641
3572
3640
3649
4467
5666
3837
4391
5710
3660
3607
5180
3582
5750
5647
4409
5723
5783
5736
3605
5186
5645
5650
4387
4414
5168
5784
5779
5136
5165
5640
5196
4474
5744
5160
5159
5158
5170
3628
5630
3608
5094
3644
5061
5161
3817
5769
5767
5162
5762
4491
5654
5079
4492
5633
5189
5191
5163
5627
5659
5190
4503
5649
5090
4418
4488
4525
5138
5670
5748
4412
5184
5781
5791
5075
5743
4494
5726
5102
5682
5151
5715
5167
4432
3663
5106
5775
3659
5786
5095
3831
5164
5201
4453
5076
5178
4417
3593
5097
5758
5153
5112
5203
4421
5043
5198
5099
3624
4510
5176
4455
5175
5046
4416
4513
5759
5181
5200
5154
4428
5082
5790
4527
3625
4415
4381
4393
5081
5049
4433
5179
4489
4524
5765
5713
5157
4399
5077
3586
5752
5194
5114
5087
5078
5206
4514
4486
5632
4515
4539
4538
4442
5778
4498
4424
3575
5687
5785
5084
4379
4422
4449
5089
5177
5771
4533
5793
4537
3570
5742
5777
5103
5637
4523
4411
4516
5208
4423
5675
5635
4518
4425
5770
4502
4493
4496
3850
4410
4476
5747
5753
4509
5751
4446
4390
5653
5195
5737
5188
5685
5629
5166
4530
5054
4529
5788
4499
3661
5057
5741
5782
5794
5183
4512
4534
5193
3975
5707
5677
4380
4531
5657
4431
5763
5209
5756
5182
4501
4408
4376
5052
5644
4407
4378
4504
4465
5643
5059
4495
5669
5091
5092
5093
5210
5199
5724
5639
5789
4490
5641
4445
5207
5197
4505
5174
4377
5080
5039
5652
5768
4536
4507
5679
5702
4388
5766
5692
5749
5100
5774
5205
5062
5787
5173
5107
4406
5155
4487
5746
5631
4511
4426
5192
4466
5673
4413
5792
4394
3989
5185
3993
5202
4521
5776
5204
4532
5642
4535
5072
4528
4500
4401
5156
5187
5754
4526
4000
3998
4517
5780
5096
5104
5656
4420
5708
3985
5070
5773
5671
3979
3983
3990
3992
3988
5171
5727
5761
4389
5757
3996
3984
3994
4497
3986
3977
3999
5211
3982
4013
3991
4001
3981
3689
4007
3987
3679
4018
3709
3668
3666
3677
3664
4045
3672
3674
3997
3980
4002
3670
4042
4040
3978
3716
3665
3681
3704
3669
4014
3690
3995
4017
3691
4022
3680
4023
3698
3976
4051
3703
3676
4026
3686
4010
3678
3687
4029
3740
3667
4056
3717
3696
3684
3723
3673
3699
4032
4003
4021
4024
4006
3692
3727
4052
3695
4053
3671
3682
4043
4025
4039
3719
3701
3685
3700
4027
3708
3693
3688
4011
3726
4064
3725
4048
4047
4015
3697
3731
3736
3702
4070
3707
4019
3724
3730
4037
3739
3714
3722
3735
3720
3713
4008
3749
4068
3712
3741
3742
3715
3718
3744
3683
4063
3750
3748
4031
3694
4012
4069
3732
3706
4059
3738
4050
3711
3710
4065
3743
3734
3705
3747
4049
3728
3729
3746
3721
4033
4036
3675
3733
3737
4055
4046
3745
4028
4044
4035
4004
4067
4005
4041
4054
4016
4057
4060
4071
4009
4058
4034
4072
4073
4020
4061
4030
4066
4038
5795
4078
4076
4080
4074
4062
5803
5259
5796
4075
4077
4540
5224
5227
5230
5818
4079
5234
5798
4541
4550
5238
5213
5799
4542
5797
5214
5216
5246
5804
5806
5219
5808
5223
5257
5809
5810
5802
5264
5263
5232
5231
5233
5816
5237
4551
5836
5243
5239
5821
5824
4574
5240
4105
5827
5247
4553
5249
5253
5221
5829
4544
5805
5254
5226
5229
5831
4563
4558
5262
5267
5265
5812
5212
5811
4565
5814
4545
4568
4594
4549
4572
5236
5837
5823
5820
5800
5244
5825
5275
5248
4577
5839
5251
4581
5252
4580
5256
5807
4557
5841
5857
5258
5844
4559
5261
5260
5272
4560
5832
5834
5833
5845
4566
4102
4570
5815
5835
4593
4120
4111
5822
5819
4122
5215
4578
5801
4137
5250
5276
5217
5853
5855
4081
5297
5287
4092
4602
4601
4546
4108
4109
4564
4603
4082
4145
4087
4103
4616
4110
5273
5293
4112
4576
4575
5848
5274
5282
5245
4607
4554
4598
4115
4597
5220
4609
5222
5286
5271
4599
4543
5285
4116
4613
5288
5298
5225
4117
4585
5867
5868
4586
4567
5291
4569
5813
5266
4083
5869
4589
4096
4085
5859
4615
5280
5849
4552
4596
5242
5235
5268
5861
4124
4114
4620
5852
5270
4106
4579
5817
4608
5277
4611
4555
5294
5284
5830
4612
5295
4583
4141
5876
5879
5228
4561
4159
5289
4624
4146
5881
4547
5880
4626
5292
5846
5308
4592
4617
5301
4548
4136
4591
4121
5302
4090
4147
4089
4104
4619
5269
4091
5872
5826
4629
5874
5884
5851
5875
5828
5218
5304
4131
4610
5865
4584
4133
5305
5878
4107
4152
5842
5840
4556
5299
5279
4562
4094
4118
4588
4134
4084
4088
4590
4153
5860
4627
5883
5887
4571
4573
4113
5241
5850
4098
5303
5862
4150
5283
4139
5278
5255
4631
5866
5843
5891
5886
4632
4587
5307
4625
5882
5290
4119
4095
4628
4157
4604
4123
4605
4125
4595
4606
4149
4582
5892
5854
4618
5838
4163
4637
4132
5306
4140
4129
5864
4130
4600
5856
4093
4142
4143
4622
4614
4164
5858
5300
4099
4171
4135
5870
4166
5847
4148
5310
5873
5863
5885
5889
5877
5296
4633
4086
4623
4635
4156
5871
4097
4639
4127
4126
4138
4621
4630
4167
5893
5890
4101
4144
4634
5894
4161
4162
5281
5888
4151
4165
4168
4154
4636
4128
4158
4178
5309
4155
4175
4173
4100
4172
4160
4169
5311
4170
4176
4182
4638
4174
4177
4196
4189
4191
4179
4186
4181
4185
4194
4180
4197
4198
4187
4202
4201
4184
4233
4235
4199
4192
4193
4205
4190
4231
5897
4183
4195
4226
4234
4640
4188
4238
5312
4223
4230
4209
4200
4232
4203
4227
4229
4219
4207
5315
5329
4212
5317
5908
4641
5899
5319
4642
4228
5901
5314
5906
5327
5344
5330
5316
4210
4214
5898
5356
4204
5336
5911
5335
4236
4645
4216
4237
5323
5313
4218
4647
5895
4220
4224
4222
4208
4648
4213
4211
5917
5331
5332
5935
4653
4215
4643
4644
5909
5346
5320
4656
5925
5338
4657
5354
5355
5903
5369
5914
5927
4659
4245
5343
5915
5328
4225
5907
4249
5930
4651
5934
5333
4655
5345
4255
5357
5359
5365
5900
5920
5349
5938
4665
4206
4676
4240
4689
5370
5353
5360
4257
5352
5939
5896
5926
4247
5326
4221
4666
4668
4660
4667
5942
4652
5363
4669
5936
5921
5350
5919
5364
5337
4646
4677
5324
5902
4675
5912
4256
5913
4244
4678
5904
5325
5340
4246
4661
5342
5933
5916
5318
4254
5378
5379
5947
4686
4663
5380
5937
5321
5347
5910
4673
5334
4704
5922
5383
4691
5372
5322
4672
5374
4696
4258
5953
5952
4709
5341
4248
5905
4682
5943
5377
4710
5956
4251
4712
5391
4700
5954
4699
4253
4664
4701
5348
5381
5367
4654
5358
4702
5957
5366
5950
5385
4239
5960
5959
5384
4217
5373
5963
4242
4692
5361
5940
4707
4695
4693
5928
5965
5973
5397
5387
5929
4649
5390
5944
4718
5918
4703
4714
4713
5399
4650
4671
5958
5962
5393
5961
5395
4690
4674
5351
4658
4694
4243
4708
5396
5964
5974
4681
4716
5388
4717
5404
5932
5389
4670
5931
4698
4711
5945
5362
5398
4685
5394
5941
4705
5924
5949
4723
4726
4241
5339
5981
5951
5403
5376
4719
4684
5969
5968
5955
5946
4688
4687
5382
5948
5405
4706
5402
4724
4725
5978
5979
5988
4679
4250
5406
5982
4680
5967
5983
4730
4252
5994
4683
4662
5985
5970
4734
5368
5386
5980
5990
4263
5972
5993
5992
4731
5392
5400
4735
4715
5375
5371
4729
5966
5977
4732
4733
5975
4722
4738
5987
4736
4728
5976
4264
4270
4269
4697
5991
5401
4720
4271
4267
5986
4721
5410
5984
5407
4268
4272
5989
5408
4273
4259
5411
4260
5971
5995
4261
4727
4737
4277
4275
4739
5409
4274
4265
4283
4262
4290
4279
4282
4281
4266
4276
4280
4288
4289
4278
4292
4299
4294
4308
4297
4301
4295
4314
4284
4285
4305
4318
4304
4286
5413
4291
4287
4293
4311
4322
4315
4326
4740
4296
5412
4329
4317
4321
4300
5415
4316
4330
4298
4303
4302
4332
5998
4306
4320
4323
4307
4313
4328
4309
4310
4327
5419
4337
4331
6000
4333
4338
5422
5996
5416
4339
4325
4341
4335
5432
4312
4743
4340
5418
4342
4345
4343
5999
4336
4319
4347
4334
4324
6020
5428
4348
5424
5426
5433
5425
4351
6007
4352
4353
4749
4344
5448
5447
4751
4346
4354
4758
6013
4752
4350
6005
5431
4355
5452
6004
4349
4357
4358
4753
4754
6006
6002
6018
4744
4755
5414
5456
4361
4362
6009
4766
4765
4366
6012
6029
5439
5442
5450
4745
4365
6039
5423
4359
5444
5443
4368
4360
4356
4367
5445
5997
5434
4372
4364
5454
6016
4374
5436
5435
4756
4375
4363
4370
5417
5420
5421
4773
6003
6011
4371
6028
5441
6026
5459
4764
4775
5438
6021
5449
5463
4761
4768
4782
4759
5451
4762
4369
4783
5477
4741
4373
6033
6023
4770
4771
4748
6034
4772
4742
5465
5467
4774
5482
5440
5458
5437
5429
6030
4780
6014
4790
4769
5462
6001
4757
4794
6032
5446
5466
4778
4746
6043
4763
6025
6055
4786
6048
6019
6008
5427
6050
5469
6049
4802
4760
5430
6047
5473
5492
4776
6067
4779
5464
5474
6038
5483
6051
6017
5480
4781
6044
5487
5479
5481
4798
6045
6046
6057
4801
5490
6064
6037
4803
4793
5484
6022
5453
4747
5486
6041
4807
6054
6072
6024
5495
4750
6027
6010
4800
6035
4787
5460
5502
4804
5461
6058
5503
6059
4789
5497
6040
4777
6031
5485
4795
5478
6070
4814
6069
6063
4796
4810
4809
6071
4797
4785
6065
6036
6056
4788
4817
5457
4767
5472
4805
5475
4822
6078
5500
5496
4784
6079
6015
5499
4826
6062
5455
6080
6053
4818
5470
5471
6076
4820
6086
6060
6087
6066
5476
4830
5501
6090
4825
6052
5493
4836
5488
5489
5468
6042
5505
4824
6085
5498
4811
4829
4806
4828
4791
4808
6061
4831
4832
6083
4833
6089
6075
5491
4812
6068
4792
4823
5494
6088
6073
4816
5508
4827
4819
5506
6074
4821
4834
4813
6077
5504
4815
5509
4799
6081
6093
6084
5510
6092
4835
5507
6094
6091
6082
4838
6095
4839
4837
5511
5512
5514
6096
4840
5516
5518
5513
6097
5521
5523
5525
5527
6100
5528
5538
5524
6103
5542
6106
6105
5515
5543
4849
6108
5531
5517
4851
6116
6114
4850
5532
6098
5535
6110
4845
5539
6104
4859
5519
5529
4847
5552
5530
4853
5520
5534
6115
6118
4855
5551
6122
4852
6123
4871
4862
4874
5540
4860
5544
6112
4841
5557
5548
4842
4868
4848
5522
5568
5561
4869
6134
5541
6102
6111
6124
4872
4876
5556
4877
4866
6128
6121
5550
5536
6130
6099
5570
6133
5572
5573
4879
5555
5526
5547
4870
6135
4873
5565
5533
6137
5583
5559
4875
6146
4897
4846
5575
4883
4878
5571
6107
5562
6143
4884
4885
5546
5545
4843
4844
4856
6109
4880
5537
4858
4886
4882
5554
4888
5579
6101
5580
5558
5587
4889
6127
4867
5585
6161
6142
6141
4854
4892
5578
6144
4894
5566
5567
5589
5549
4857
5560
4887
4861
5591
6165
5597
4863
6145
4896
6120
5600
5563
5593
5601
6113
5564
5582
6147
5584
5595
4903
4910
6132
5577
5553
5598
5599
6177
5574
5581
5603
5602
6153
5588
4893
4911
5569
4895
5586
5606
6119
4864
5610
5576
6158
6176
5594
4865
4908
5609
4900
5596
5608
6160
5592
6169
6167
4902
6163
5590
5607
6178
4905
6117
5605
6154
4881
6172
6164
4918
6174
5604
6125
6166
6138
6148
6139
4914
6151
6131
4904
6129
5613
5611
4919
4917
6136
6175
4920
6126
6179
4921
6159
4898
6184
4923
6140
6150
4924
5615
5618
6182
6180
5614
5612
4932
5623
5624
4934
4928
5619
6149
4901
6188
5625
5616
4891
6152
5620
6162
4929
6173
6155
6183
4931
5622
6156
5617
4925
4907
4933
4912
4927
6157
5621
4890
4899
4906
6171
4926
4913
6192
6189
6193
6168
4930
4915
6181
4916
4909
4922
6194
6170
4937
6190
6191
6185
6186
4939
6187
4936
4935
6195
4938
4940
6196
6202
4946
6198
6205
6201
4945
6204
6197
4947
4942
4941
6207
4943
4948
4968
4954
4955
6208
4957
6209
4975
4964
6224
4952
6199
4962
4969
6215
6222
4963
4978
6212
6217
4956
4976
4974
6221
6227
4959
6206
4961
4944
4970
6200
6229
4982
6219
6220
6225
6230
6226
4951
4980
4990
4966
6236
6238
4971
4958
4977
4949
4950
4985
6203
4995
4960
4953
6240
6233
6211
4973
4994
6223
6235
4996
4965
4997
6218
6232
4992
4972
6214
4999
6213
6216
4983
6258
6245
6246
6247
4987
4988
4979
4967
4991
6241
6252
6210
4981
6242
6259
6244
6237
4993
6257
6231
4989
4998
6249
6255
6254
4984
6251
5000
4986
6250
6228
6248
6256
6253
6239
6243
6234
