4463
4460
63
90
52
42
43
65
1926
3183
2573
1914
1927
3171
1928
3168
3180
3182
3181
3787
1291
5638
5045
2572
3810
2544
2535
5636
1339
5083
1334
1299
3800
1332
5035
3805
5040
3799
5032
3797
715
5034
5086
674
671
32
2523
5085
1276
2532
664
1281
1913
39
5020
29
2521
1911
26
3789
1285
2519
2531
2522
24
662
2518
46
676
57
3162
5026
25
3160
3798
3802
5037
53
683
668
55
658
651
1290
1274
34
654
31
3158
23
650
646
3159
3164
3150
1277
1280
5030
5014
5024
5015
3772
3784
3769
2527
16
15
666
3783
18
28
1909
21
2528
1902
2530
2514
1901
2526
2534
5022
3775
22
20
3779
3774
3782
2524
27
663
2513
645
660
657
3781
3773
2517
1908
1907
653
1892
3152
2529
2516
656
2512
3139
1304
3151
5018
3178
5036
3776
647
5017
649
1904
1905
673
638
3761
3148
3170
5012
8
1265
3145
2525
2508
3762
641
2505
10
1261
1898
637
2506
2503
1289
1343
3759
2502
1258
1259
1897
636
7
659
5001
1895
91
3795
1971
1292
5016
5019
5011
5
3163
5025
3758
9
3757
3143
1896
3142
1257
6
2504
12
1910
2501
3141
3760
1260
5009
1256
665
5027
2574
634
635
4
5006
5002
5003
5023
1969
2515
655
1255
3134
3132
627
3138
1881
652
1879
1886
1335
1254
1264
1890
3126
1876
1251
4461
3137
4458
3146
2511
1252
3752
5712
5700
1889
3144
1888
3751
1884
1253
3130
629
3135
3133
5698
3128
626
5695
4439
4436
1883
1894
3131
1885
4440
3127
1882
3129
1880
3153
1878
1877
5693
4457
4434
4437
5689
628
1893
5691
5688
5686
4429
4405
5667
1959
4400
5672
4398
1887
5668
4403
4396
4430
4392
4395
4402
4404
5665
1950
1327
2567
5067
86
4386
85
4385
5662
3835
3204
2566
3209
3203
5066
5064
703
704
3832
84
83
1323
3201
1321
3193
4384
2563
4383
5661
5660
1948
1945
1947
1946
1939
1322
1317
696
685
3830
3808
3821
3200
3192
76
74
77
4382
2549
5658
2547
2550
2564
1931
5065
5063
697
5058
5056
5047
1308
1938
1930
5634
1302
1929
1925
1306
682
1301
684
681
2543
1300
3806
51
1298
5042
3807
3804
3176
679
2540
1921
680
2539
678
3175
1922
2541
47
1296
3174
3173
1293
5038
1920
38
1919
1918
675
3167
1917
45
1288
41
40
1287
5031
1284
3793
3166
3791
3165
36
3792
37
5021
3790
3154
35
1283
3780
3155
1270
1906
3777
19
1269
1271
1268
3778
3771
3770
1267
5013
661
1266
2520
1262
17
648
3765
1263
3767
3768
2509
3764
3149
1903
3147
5010
5008
643
14
5005
2510
2507
1900
1899
3763
3766
13
644
640
5007
3756
11
642
3
5004
2
1
639
3140
3754
632
3753
633
631
1891
3755
3136
630
1391
3887
772
771
2026
145
2028
5141
2645
3273
2030
2027
3275
146
147
1393
774
2029
148
1396
3274
1394
1392
2031
1395
150
5142
149
151
3890
3277
3889
3276
3888
3891
5143
152
1397
3279
153
3892
2032
1400
3278
1399
1398
3893
1401
3896
5144
776
3895
154
1404
3894
1402
777
1405
3899
2646
2033
2034
3281
5147
3280
3897
2035
3901
156
5145
155
5146
2648
775
779
778
1403
3902
3900
2647
2649
3898
125
5116
3864
3868
2620
3865
126
1986
3866
743
744
3238
3869
745
742
741
5117
2618
5118
1363
2621
3239
3241
2623
2619
1988
3870
2622
3867
747
1989
740
1987
5119
1985
3240
127
746
130
2627
751
128
3872
750
749
1990
1364
3871
3243
1365
2625
2626
5121
752
748
129
2624
5120
3244
3242
2628
753
1993
5123
1368
1991
3873
5122
1366
131
1369
1992
135
3874
2629
1367
1370
3246
3876
3247
3875
3245
132
134
2632
2630
3249
3248
759
1376
1996
1999
1372
133
1998
754
1371
756
2633
2631
2634
758
755
3878
1995
757
3252
1373
3877
2000
1377
1997
1375
2006
1374
1378
1994
1380
2001
1379
2002
761
2007
762
2009
3251
2004
2003
3257
3256
3253
3250
3254
3258
3261
3260
136
4478
4481
3879
4479
4484
5728
4480
2008
2010
2011
2005
2012
5735
5729
5732
5731
5730
3263
3262
5734
3255
5733
3259
4482
4483
4485
760
5125
5124
5126
5130
5127
5131
5128
5129
3282
158
3283
784
2036
5148
157
3906
5149
3903
3904
160
3905
781
783
785
780
782
159
4462
4471
4475
4472
4447
4464
3841
5071
5073
3847
5074
4469
4450
3838
5697
5703
4441
5706
4470
4459
4452
4448
4438
4454
3843
3840
3839
5709
5699
5704
5701
4468
5714
5676
4456
3842
5681
3845
4427
5674
5060
5694
4473
3823
3834
5678
5680
5663
5655
3846
5696
5041
3833
3819
3818
3801
5051
5646
5053
3796
5683
3820
5033
5044
5050
3794
3814
5048
5068
5028
5029
5055
3824
5132
5134
3829
5133
5135
5137
2613
2612
2615
2616
2614
4443
5664
3880
5139
3882
5088
5140
5150
5152
3883
4419
5690
3475
2930
3543
3542
3544
3547
3546
3545
3550
3551
3553
2928
3548
3549
3552
3555
3561
3556
3557
3558
5651
5739
3915
3914
5169
3916
5738
5740
4508
5745
5717
4477
5110
5628
5626
4506
5108
5101
3929
3931
5109
5105
3930
5111
5113
5115
4519
5755
4520
5760
3934
5764
4522
3612
3613
3615
5772
5719
3614
3616
5718
5720
4435
4397
5716
3935
3618
5098
5721
5725
5722
4444
5172
5684
3617
5923
