2576
3219
99
2590
713
712
2592
2586
2575
3213
2582
2579
2594
1337
1338
2578
3211
3217
1941
2569
1960
1342
1336
3215
2593
1333
706
2577
2588
1340
1952
711
2589
2591
1958
1330
2584
2565
2583
2587
3207
1325
1331
3205
44
2538
78
50
1294
2537
1295
1314
1319
2554
79
2551
2553
677
67
71
700
2552
3189
692
3190
3191
1320
3177
691
2557
1937
1924
1933
1915
1916
3172
3169
1923
1936
672
1935
694
3188
1286
3186
1313
690
688
69
1282
68
1310
3187
2533
1279
1273
30
66
667
1278
670
1912
33
669
1272
3157
3156
3161
73
2555
1316
54
1318
3221
62
1303
58
2545
61
1970
56
714
687
689
1275
1311
2600
1350
1968
725
1341
2570
2536
1344
2581
3216
3214
3218
3284
2650
3212
2651
786
161
2652
2653
2654
3285
2655
787
2656
2657
1406
1407
2658
3287
3286
2037
2659
2038
1408
1410
3288
2660
1409
788
2661
2662
1411
2663
789
2664
2040
1412
2039
2665
2666
2667
2668
3289
1413
1414
3290
162
1415
164
2669
1417
2671
1418
165
2670
1416
790
2673
166
2672
2674
167
791
3291
792
3293
3292
1419
3294
2675
793
2041
2042
3295
3296
2047
2048
794
2046
795
3297
3298
1420
1421
797
168
796
163
1422
169
2045
1423
3299
2676
1424
170
1425
2049
171
799
172
1426
800
1427
3301
3300
3302
2677
173
174
1428
1429
3303
175
176
2678
1430
2050
177
178
801
803
1432
802
1431
2679
1433
2051
804
2680
1435
2681
1434
3304
3305
2559
1940
75
3306
3307
2683
2684
179
3308
805
2685
2686
2687
2682
2688
806
2568
1329
1951
3202
1326
1956
3206
2690
2689
1436
1437
3309
2044
2043
798
3195
3194
2691
2558
702
1315
2556
693
72
1307
1934
1309
1312
3184
1932
686
2595
1954
1305
82
81
1944
695
64
2548
70
87
705
48
3310
1297
3311
1328
2692
3185
1438
2053
1439
3312
2693
1440
807
2694
2696
2695
808
2697
2054
698
1442
1943
2013
2055
1381
2015
137
3265
2014
2698
3266
138
2637
140
2018
143
2017
764
3267
2699
2700
1383
2701
3268
766
2016
3270
2020
1385
3196
1441
2635
1382
3264
2636
139
763
1384
142
2641
2638
3269
3313
2052
767
141
768
2640
2639
2023
2021
769
1443
2022
2024
1387
1444
1386
3314
180
181
2642
2702
182
2703
1447
2704
1448
809
2705
810
183
2706
2707
3315
3316
811
3317
1449
716
2708
3318
812
2056
2057
144
773
2644
2643
1390
3319
3320
2059
2058
813
814
3321
2060
3322
817
1451
2025
1452
185
818
1445
770
184
1446
3323
187
188
2067
3271
1460
2710
3328
1465
197
1466
2069
198
199
820
59
1469
3272
822
60
1471
1453
2542
708
1949
699
3179
2546
3333
3334
88
3335
2715
205
204
1474
3336
1473
49
208
214
2082
1483
2728
215
841
1484
218
843
1486
842
1976
104
3228
1977
3226
101
102
3229
103
105
3230
106
729
728
1978
1979
109
3227
3235
2611
121
112
737
1355
1357
726
1984
1353
2602
2603
117
732
107
1982
738
2606
736
731
1351
735
1360
3237
3233
124
1980
114
123
1352
110
1359
113
2607
1362
1354
1356
1361
2604
1358
2610
3232
2608
1981
2609
730
734
739
116
118
108
115
727
3234
119
2605
733
122
120
1496
3231
859
2103
111
2601
1497
2736
1983
3365
1498
225
2104
3367
2738
226
3369
2740
860
3236
2741
2742
2734
2743
2735
2737
3366
3368
2739
2744
861
2745
2105
1499
3370
2106
1500
3371
2746
2747
1502
1501
765
2019
3372
862
2107
2108
3374
3373
863
2748
2749
864
1503
2750
227
2110
1505
1506
865
3375
2751
2112
228
229
2752
230
866
1508
231
232
3376
3377
233
1509
3378
2113
2753
1511
1510
3379
1512
868
2756
2758
2114
870
2115
869
2757
2116
1513
2118
1514
1388
3380
1389
3381
236
2759
2760
235
2120
237
2121
1515
2762
2122
2763
3384
3383
872
1516
1517
3385
2123
2764
238
1518
2765
3386
1507
3387
1519
2767
873
2766
239
3388
240
874
2768
875
2755
2124
2754
867
2119
2761
2127
1521
2126
1522
241
1523
876
871
243
242
2771
1520
3389
2770
2773
877
2774
1525
1524
2772
2775
244
2117
878
3390
879
245
1526
2776
3382
1527
3392
2778
2130
3394
2779
3395
3393
881
2129
2777
884
2132
1349
882
3397
883
2133
97
3396
1347
246
96
1528
885
724
2134
1346
1529
3391
886
2596
2598
719
1530
721
720
3225
2125
2769
1975
1967
3224
718
94
887
1965
1963
1974
93
247
3222
2128
3223
1973
3398
2131
3220
248
89
1961
2585
1972
92
249
1966
2580
722
2597
1348
880
3399
723
100
2135
2780
3400
1534
2599
1532
1533
1964
2136
250
889
717
98
251
888
1537
3401
253
1535
254
1536
1345
890
3210
2137
891
710
3208
1962
1531
3402
2571
2782
255
1957
256
3404
3403
3405
2783
3406
709
1324
1538
257
701
1539
2781
1955
252
95
259
1953
707
258
3199
260
1942
2562
2561
1540
2784
892
2560
261
1541
893
80
1542
894
2109
2111
1504
2138
234
262
3408
2140
896
263
265
2139
3409
895
3407
3412
3410
2141
266
267
268
3411
2142
269
271
1544
2785
270
897
2143
1543
1545
898
272
2786
899
2787
273
2144
900
2788
901
1546
3413
903
902
276
2145
1547
1548
1549
277
2789
1550
278
1551
1552
1553
2790
2791
3415
905
2792
2146
904
279
280
282
281
3416
906
1555
3417
907
2794
283
284
909
285
2147
1556
2795
286
2148
264
3414
274
3418
1557
1554
275
2793
2149
288
3419
287
3420
2798
2797
910
3421
2800
2802
2801
2799
3423
2804
3422
2803
2805
2806
911
2807
2150
3424
1558
908
2151
1559
2808
3425
2796
2809
1560
1561
912
3426
2152
2153
913
2154
914
3427
3428
2810
2811
915
1562
289
2155
1563
1564
2813
916
2812
3429
2156
2814
290
917
1565
292
3430
3431
1566
294
295
2815
2816
2157
918
2158
2817
3432
1568
919
1567
1569
3433
920
2818
2159
1570
2161
1571
1572
291
3434
293
3435
296
2819
2820
2162
1574
2163
2164
3436
2822
3437
921
1575
2165
1576
3438
2823
299
2824
3439
1578
1577
2061
1450
815
3440
816
922
2825
1579
300
2160
3441
301
2827
924
923
1573
2166
298
297
2829
925
2821
2167
2830
1580
2168
1581
1582
2169
926
2828
927
303
302
2826
1583
304
2831
3442
2834
1585
928
2836
3443
305
1584
2833
2170
2835
929
306
1587
2837
2838
1586
3444
3446
2171
3445
2839
2832
3447
2172
931
3448
932
3449
2173
2064
2063
3450
307
934
2174
1592
186
308
190
309
935
3324
1590
3451
2709
2175
1591
3325
937
930
2841
2842
1588
2840
938
936
191
1454
819
189
2066
1456
1593
1457
1458
2176
3326
1459
3327
3329
193
194
3452
192
939
2843
2068
195
2177
3330
1461
1463
1462
1468
200
1467
2711
2178
1470
3453
941
823
3332
310
2072
825
2070
942
2065
2181
2714
3331
3454
311
2071
312
826
1472
2182
3455
2183
2180
3456
196
201
2184
821
313
2844
314
3457
2185
316
315
2187
2186
943
2846
319
3459
1594
2189
320
1596
317
2845
944
945
2847
1597
2190
2188
2848
318
946
948
1598
3460
1599
321
1601
322
949
2191
3461
2712
2713
202
828
2716
950
2073
831
3337
951
3462
3458
1595
2717
2719
3339
2192
824
2721
1600
827
830
835
203
833
206
2077
2720
1475
2076
210
3340
2718
207
1602
832
834
2075
209
836
2722
2078
3341
837
1477
2723
2724
1476
3463
2849
2725
2850
3338
3467
211
2851
838
2193
323
3464
3465
3466
1603
952
2074
324
3342
840
3343
953
1480
325
2081
2727
1481
1605
1479
212
1482
2852
213
2079
1478
2080
216
3344
328
2726
217
3346
839
3347
2083
2729
2730
1604
1485
844
954
1487
329
330
2196
2733
846
851
2096
847
2732
2094
849
1495
1488
848
2092
2853
2731
1491
3351
1494
1490
3357
3354
1489
2854
1606
3348
2089
2085
2855
955
2856
331
3468
3345
956
1607
2086
957
1608
2197
2195
2198
326
333
2199
1609
219
3352
3353
850
3356
2101
3361
2093
2097
334
3349
2099
852
2087
3350
3359
3362
2098
2100
3360
3358
2088
1492
3469
3355
1589
2062
933
940
947
959
335
958
3472
2200
3471
2201
3470
336
3473
337
2202
340
2203
1610
2857
341
3474
339
1611
342
2204
960
1612
961
343
962
222
2858
3364
2205
221
854
856
858
963
857
964
2860
855
1615
2861
1613
965
966
347
2206
1616
2863
2862
1617
3476
1614
1620
346
223
967
2864
349
348
3478
3477
2207
968
353
1621
969
971
2208
970
350
338
3363
2859
344
224
1622
2866
355
345
1618
1619
354
352
351
2209
356
357
3480
3479
1623
2865
1624
358
2867
2869
2868
3481
360
2210
3482
2872
3483
2873
3484
2874
2871
2876
3485
973
2877
2878
3486
2212
3487
2879
1626
974
2880
1625
1627
1628
975
359
2213
972
2870
2875
2881
2211
2214
976
2215
977
3489
3488
2882
3490
2883
978
1629
2216
1630
1631
2884
361
979
2885
3491
2217
2886
1633
3492
362
363
980
364
2888
981
2219
2887
2889
3494
982
1634
3495
1636
1635
1637
983
2890
1639
2220
1638
366
3496
2221
3497
2891
367
2222
1640
3498
3499
1641
2894
2892
2224
2223
3500
2893
368
369
984
2225
1644
2226
2895
1642
3502
1646
3501
1643
1645
2227
2896
985
3503
370
2228
2897
988
372
2899
2230
2900
373
374
1648
1651
371
991
375
376
990
989
2229
2898
1649
1650
2902
2231
2218
3493
1652
2905
3504
2904
3505
377
378
993
2232
2907
2906
1653
994
1654
2909
1655
3506
3507
2910
2233
3508
3510
996
3509
2911
1632
995
2235
3511
2236
2237
3512
997
379
1656
381
2238
1647
998
987
382
3513
383
1657
2912
3514
2239
999
1658
3515
992
1455
2901
2913
2194
1000
2914
1464
2179
365
2903
2908
2234
829
380
1659
1001
2915
384
1002
1660
1661
1003
1662
2240
3517
1665
1664
3518
1004
387
2916
388
3519
386
2242
389
2243
1667
1666
3520
1668
390
2917
1669
2244
1005
3521
3522
2245
2246
2248
2247
391
3523
2918
392
2249
393
1672
3526
2252
2251
2253
1010
394
395
3527
396
397
2254
398
2920
2255
2256
2919
399
401
2257
400
1674
3528
2922
3524
1014
1012
2923
1676
1013
1675
2921
403
1678
1677
402
2258
3516
2260
3529
1015
2925
2924
3530
405
1017
2926
2261
1020
1663
406
3533
3532
3531
1018
2262
2927
1021
1022
1023
1680
1025
408
2264
3535
409
2931
1681
410
385
1682
1006
3536
1027
2265
2934
2936
2266
2933
2932
3538
2937
3537
412
3539
2938
2267
413
1030
3540
1031
2935
3525
3541
414
2268
2269
1685
1689
1033
1688
415
1032
2939
1687
1686
416
1690
417
2271
2270
2940
2941
2259
2272
1034
2942
419
1694
420
418
1692
1693
2943
421
1036
1011
2273
422
1673
1038
2944
2945
2274
1040
1039
2250
2275
1041
2946
2276
2947
1696
1697
2948
1698
1699
1700
1701
404
2949
2277
1042
423
1016
1702
1043
2950
2278
3534
2279
1044
1703
2280
1704
2283
2282
2281
425
424
426
2285
2286
2284
2287
1046
2288
1679
1683
2263
427
1045
2289
2290
2929
1705
327
1684
1029
2952
2955
2953
2951
2291
332
2095
845
2091
853
1493
2102
220
2084
986
1706
2292
1047
1048
1050
428
2293
1049
431
2956
2294
430
2295
1051
429
1707
2296
1052
1708
435
432
2297
1709
434
433
2298
2957
2958
2954
1053
436
1057
437
1055
1058
1056
1060
1061
1054
1062
1710
2960
438
1711
1714
1063
2959
2961
1715
1712
1064
440
439
1713
441
2962
1065
442
2299
443
1716
1068
2301
1066
1067
444
445
447
2963
446
2964
1059
1717
448
449
1718
1719
2300
450
451
452
2302
453
454
1008
1670
1720
1721
2965
1671
2968
455
2966
2967
456
2969
2972
2970
2973
2971
2303
2975
2304
1069
2974
2976
1722
2977
1725
1070
457
1071
1072
2305
2978
2979
2980
2306
1723
1724
2307
1073
2308
1074
2981
2982
1075
2309
1726
1727
2983
458
1728
1076
2984
2310
2985
459
1077
460
461
1078
2986
2311
2987
2988
1730
1734
1079
1732
2989
1080
2312
1735
1731
463
462
1733
2313
2990
1729
1736
2315
2992
2314
2991
1737
2993
2316
464
1738
465
2318
1741
2995
2319
466
2317
2994
1742
1739
467
1081
2996
2320
2998
1744
469
468
2321
1745
470
1084
2997
471
1746
472
1085
2322
1086
2999
2323
3002
3001
1747
473
1087
3004
1748
1749
3005
474
2325
3003
1088
1750
3006
2326
1089
2327
1751
1091
1090
2328
1082
475
3007
1092
1752
476
2330
478
477
1093
3008
1740
2331
1743
2324
1094
3000
1083
1755
1754
3010
1753
1095
1756
3009
1096
3011
1757
2333
1024
2241
1028
1007
479
3012
2329
3013
411
2334
1097
1758
480
1098
3014
2332
1099
481
1759
1760
1761
2335
1762
1763
484
1101
482
483
2336
2337
485
1764
3016
1765
2338
1766
486
2340
2339
2341
3017
2343
489
488
2342
487
1768
1691
1035
3015
407
1695
1037
1026
1009
1102
2346
2344
1103
490
491
492
493
3019
2347
2348
3018
2349
495
2350
494
3020
496
497
1105
1772
499
3023
3021
1770
1104
1771
2351
3022
498
1773
1107
500
2352
1108
3025
1109
2353
1774
501
2345
1110
2354
1111
1112
3026
1113
1775
1769
1114
502
1106
2355
3027
503
1776
505
504
2356
2357
1116
3024
1115
1777
3029
3028
3031
3033
1117
506
507
1118
3034
2360
2359
1119
1779
1778
1780
509
2361
3035
2362
1120
1782
1781
510
514
511
3037
3038
2364
1784
513
1121
1122
2365
516
1786
1787
3039
512
1124
3040
2363
1785
3030
2358
1126
3041
2368
3042
2369
2367
515
3043
1123
2366
1125
1127
1789
508
3044
1793
517
1792
1790
1791
3045
2370
1128
1129
518
1783
1130
1794
2371
3046
2372
1131
1795
2373
1796
2374
3032
2375
3036
521
2376
2377
2378
2380
1132
2379
2381
1797
2382
2383
522
1799
2386
1133
1800
3047
523
3049
2385
3051
2387
1134
1798
1801
525
1135
1136
524
2389
2388
3048
3050
2090
1137
1802
1140
1139
1138
526
2390
3052
1141
2391
1143
527
2392
531
1142
2395
2394
530
528
529
2393
1804
1788
519
2384
520
1144
533
532
2396
535
1148
3056
2398
3053
1149
3059
1146
1152
1150
536
1147
3055
534
539
1151
1153
3054
1809
1812
540
1155
1154
1810
1157
1158
1811
1806
3058
537
1807
1803
538
541
542
3057
1808
1156
1805
2397
1145
543
3061
545
3060
1813
546
547
544
1814
2399
1815
548
549
2400
550
551
552
1160
1817
1818
3062
1816
3063
3064
553
3065
554
3066
3067
3069
3068
1161
2402
3071
1819
3070
3073
2401
3074
1820
1162
555
1163
1164
3075
3077
3076
2404
1823
3072
1821
2403
1822
2405
1165
2406
1166
1167
3078
2407
1824
3079
1825
3080
556
1826
1168
2408
3081
1169
557
559
3083
558
1170
3084
2409
1827
1829
1828
1171
1100
3082
2410
1830
1172
561
1831
3086
2411
1832
3087
3085
2413
1834
2412
3090
562
3089
2414
563
1835
3088
1836
3091
2415
2416
1837
2417
1173
3092
1838
1839
3094
566
1840
2418
2419
1841
568
3095
1174
569
1175
1842
570
2420
2421
3096
1176
3097
3098
1843
571
1177
572
1844
3099
3100
2422
3101
3102
2423
1846
1178
2424
1847
1179
1180
1181
2425
573
1182
1833
1183
574
1848
575
3103
2426
576
3093
1849
564
3104
1184
1850
1185
3105
1186
2427
3106
1853
1188
1854
3107
1851
1852
1187
1845
2429
3108
1191
2430
2431
3109
578
2432
1192
2428
1856
579
1193
3111
580
1857
1194
1860
1859
581
1195
582
2434
2436
1767
583
2435
584
1862
1189
3112
1863
2437
3110
1190
1864
577
2440
2441
585
2438
3113
1855
2442
586
1865
588
587
1019
1866
1196
1159
3114
589
1197
1867
1198
1199
1200
2433
2443
2444
1201
590
592
591
593
2445
3115
3116
2446
2448
3117
594
595
596
597
2439
1202
1868
3118
1869
3119
2449
1203
1870
599
1204
600
3120
2450
1205
1206
3121
2451
1872
601
2452
1207
2453
1208
1209
2447
1873
1874
1211
1212
3123
603
1875
2455
604
605
1213
2456
3124
607
3125
1215
1216
2457
2458
1217
3122
1871
2454
565
1858
1218
608
2460
610
2461
1219
1220
2462
613
612
1221
614
2464
2466
2465
615
2467
1223
1225
1224
1227
1226
2469
617
1228
618
2470
2471
1229
2472
2473
2474
2475
2476
2477
2478
2480
1230
2481
2482
2485
2483
2484
620
619
623
609
622
1231
1235
2487
1234
1233
2486
2463
2459
2468
1236
624
1237
1238
1239
625
2490
1240
1241
616
2492
2491
2494
2493
1243
2495
2497
2496
1242
1246
1244
1247
1248
1249
1250
2479
621
2488
2489
2498
1245
1222
2499
2500
598
611
1210
560
567
1232
1861
602
606
1214
